pid	c.mut_count	c.vaf_max	c.vaf_mean	c.vaf_median
P01	5	1.64	1.16	1.24
P02	0	0	0	0
P03	19	7.65	2.53	2.14
P06	0	0	0	0
P07	20	12.76	7.47	5.94
P09	0	0	0	0
P10	2	1.07	0.89	0.89
P11	0	0	0	0
P14	11	64.05	22.79	23.15
P16	2	0.78	0.76	0.76
P22	17	49.72	18.87	13.26
P23	1	2.02	2.02	2.02
P24	26	37.43	6.58	1.69
P25	14	9.91	4.68	5.39
P26	1	2.26	2.26	2.26
P27	2	0.92	0.78	0.78
P28	2	1.15	0.89	0.89
P29	4	2	1.4	1.42
P32	10	2.87	1.64	1.5
P33	4	4.45	3.45	3.6
P35	3	9.36	7.11	8.96
P36	1	3.31	3.31	3.31
P38	7	23.2	12.13	11.52
P41	13	18.57	8.16	6.9
P42	0	0	0	0
P43	3	8.68	5.05	4.49
P44	13	45.85	15.68	17.7
P45	11	5.3	2.9	2.62
P46	1	2.69	2.69	2.69
P48	1	2.01	2.01	2.01
P50	3	2.73	1.89	2.11
P51	1	0.76	0.76	0.76
P52	0	0	0	0
P53	1	0.66	0.66	0.66
P54	8	50.58	32.09	42.72
P55	11	5.23	2.54	2.09
P56	16	22.76	7.11	5.95
P57	23	12.99	5.47	5.36
P58	18	35.41	15.35	12.96
POO_01	12	14.64	5.35	4.31
POO_02	4	3.34	2.25	2.09
POO_03	2	0.64	0.64	0.64
POO_04	8	31.38	15.31	18.13