pid	t.mut_count	t.vaf_max	t.vaf_mean	t.vaf_median
P01	11	17.46	5.96	3.25
P02	14	23.58	5.62	3.68
P06	13	23.86	12.79	12.87
P07	29	63.62	25.19	24.43
P09	16	57.03	12.33	10.2
P10	14	42.59	17.98	18.32
P11	19	11.04	2.47	1.67
P16	17	21.74	11.44	9.36
P22	23	4.98	2.04	1.44
P23	23	59.95	15.19	10.09
P25	35	52.75	10.44	3.9
P26	14	66.24	19.43	3.06
P28	9	3.52	2.29	2.38
P29	6	10.88	4.82	4.06
P32	40	42.43	14.14	8.48
P35	5	23.01	11.21	7.81
P36	4	5.5	4	3.73
P38	11	27.05	11.58	10.77
P41	10	7.58	4.36	4.36
P43	29	3.69	2.3	2.54
P45	22	23.56	7.11	4.72
P46	0	0	0	0
P51	0	0	0	0
P52	11	49.8	21.6	25.07
P54	12	9.17	4.19	4.01
P55	58	17.46	6.7	5.62
P56	11	5.69	2.5	1.86
P57	18	43.18	18.93	16.62
P58	27	61	18.77	14.47
POO_01	5	10.58	5.92	6.82
POO_02	3	18.11	10.91	9.69
POO_03	31	6.29	2.13	1.81
POO_04	2	3.8	2.39	2.39